0
100
10100
1010100
1011000
101100100
101101000
10110101000
10110110000
1011011001000
101110000
10111001000
10111010000
10111100000
1011110010000
11000
1100100
110010100
11001010100
11001011000
1100101100100
110011000
11001100100
11001101000
1100110101000
1100110110000
110011011001000
11001110000
1100111001000
1100111010000
1100111100000
110011110010000
1101000
110100100
11010010100
1101001010100
1101001011000
110100101100100
11010011000
1101001100100
1101001101000
110100110101000
110100110110000
11010011011001000
1101001110000
110100111001000
110100111010000
110100111100000
11010011110010000
110101000
11010100100
1101010010100
110101001010100
110101001011000
11010100101100100
1101010011000
110101001100100
110101001101000
11010100110101000
11010100110110000
1101010011011001000
110101001110000
11010100111001000
11010100111010000
11010100111100000
1101010011110010000
11010101000
1101010100100
110101010010100
11010101001010100
11010101001011000
1101010100101100100
110101010011000
11010101001100100
11010101001101000
11010101001110000
1101010100111001000
11010110000
1101011000100
110101100010100
11010110001010100
11010110001011000
1101011000101100100
110101100011000
11010110001100100
11010110001101000
11010110001110000
1101011000111001000
1101011001000
110101100100100
11010110010010100
1101011001001010100
1101011001001011000
110101100100101100100
11010110010011000
1101011001001100100
1101011001001101000
1101011001001110000
110101100100111001000
110110000
11011000100
1101100010100
110110001010100
110110001011000
11011000101100100
1101100011000
110110001100100
110110001101000
11011000110101000
11011000110110000
1101100011011001000
110110001110000
11011000111001000
11011000111010000
11011000111100000
1101100011110010000
11011001000
1101100100100
110110010010100
11011001001010100
11011001001011000
1101100100101100100
110110010011000
11011001001100100
11011001001101000
1101100100110101000
1101100100110110000
110110010011011001000
11011001001110000
1101100100111001000
1101100100111010000
1101100100111100000
110110010011110010000
11011010000
1101101000100
110110100010100
11011010001010100
11011010001011000
1101101000101100100
110110100011000
11011010001100100
11011010001101000
11011010001110000
1101101000111001000
11011100000
1101110000100
110111000010100
11011100001010100
11011100001011000
1101110000101100100
110111000011000
11011100001100100
11011100001101000
11011100001110000
1101110000111001000
1101110010000
110111001000100
11011100100010100
1101110010001010100
1101110010001011000
110111001000101100100
11011100100011000
1101110010001100100
1101110010001101000
1101110010001110000
110111001000111001000
1110000
111000100
11100011000
1110001101000
111000110101000
111000110110000
11100011011001000
1110001110000
111000111001000
111000111010000
111000111100000
11100011110010000
111001000
11100100100
1110010011000
111001001101000
11100100110101000
11100100110110000
1110010011011001000
111001001110000
11100100111001000
11100100111010000
11100100111100000
1110010011110010000
11101000100
1110100011000
111010001101000
11101000110101000
11101000110110000
1110100011011001000
111010001110000
11101000111001000
11101000111010000
11101000111100000
1110100011110010000
11110000100
1111000011000
111100001101000
11110000110101000
11110000110110000
1111000011011001000
111100001110000
11110000111001000
11110000111010000
11110000111100000
1111000011110010000
1111001000100
111100100011000
11110010001101000
1111001000110101000
1111001000110110000
111100100011011001000
11110010001110000
1111001000111001000
1111001000111010000
1111001000111100000
111100100011110010000
